PO3
  1  0  0  0  0  0            999 V2000
    0.0000    0.0000    0.0000 PO3 0  0  0  0  0  0  0  0  0  0  0  0
M  END
$$$$
H2O
  3  2  0  0  0  0            999 V2000
    0.0000   -0.2750    0.0000 O   0  0  0  0  0  0  0  0  0  0  0  0
    0.7145    0.1375    0.0000 H   0  0  0  0  0  0  0  0  0  0  0  0
   -0.7145    0.1375    0.0000 H   0  0  0  0  0  0  0  0  0  0  0  0
  1  2  1  0  0  0  0
  1  3  1  0  0  0  0
M  END
$$$$
CO2
  3  2  0  0  0  0            999 V2000
    0.8250    0.0000    0.0000 O   0  0  0  0  0  0  0  0  0  0  0  0
   -0.8250   -0.0000    0.0000 O   0  0  0  0  0  0  0  0  0  0  0  0
    0.0000   -0.0000    0.0000 C   0  0  0  0  0  0  0  0  0  0  0  0
  1  3  2  0  0  0  0
  2  3  2  0  0  0  0
M  END
$$$$
_Pi
  5  4  0  0  0  0            999 V2000
    0.0000    0.0000    0.0000 P   0  0  0  0  0  0  0  0  0  0  0  0
    0.5834   -0.5834    0.0000 O   0  5  0  0  0  0  0  0  0  0  0  0
   -0.5834   -0.5834    0.0000 O   0  5  0  0  0  0  0  0  0  0  0  0
    0.5834    0.5834    0.0000 O   0  5  0  0  0  0  0  0  0  0  0  0
   -0.5834    0.5834    0.0000 O   0  0  0  0  0  0  0  0  0  0  0  0
  1  2  1  0  0  0  0
  1  3  1  0  0  0  0
  1  4  1  0  0  0  0
  1  5  2  0  0  0  0
M  CHG  3   2  -1   3  -1   4  -1
M  END
$$$$
_ADP
  1  0  0  0  0  0            999 V2000
    1.0000    0.0000    0.0000 ADP 0  0  0  0  0  0  0  0  0  0  0  0
M  END
$$$$
_ATP
  5  4  0  0  0  0            999 V2000
    0.0000    1.0000    0.0000 ADP 0  0  0  0  0  0  0  0  0  0  0  0
   -0.8660   -0.5000    0.0000 O   0  0  0  0  0  0  0  0  0  0  0  0
    0.8660   -0.5000    0.0000 O   0  0  0  0  0  0  0  0  0  0  0  0
   -0.3750   -0.6495    0.0000 O   0  0  0  0  0  0  0  0  0  0  0  0
    0.0000    0.0000    0.0000 P   0  0  0  0  0  0  0  0  0  0  0  0
  5  1  1  0  0  0  0
  5  2  1  0  0  0  0
  5  3  1  0  0  0  0
  5  4  2  0  0  0  0
M  END
$$$$
D-Glucose_ring
 12 12  0  0  1  0            999 V2000
    4.9509    1.6500    0.0000 O   0  0  0  0  0  0  0  0  0  0  0  0
    2.0930    0.8250    0.0000 O   0  0  0  0  0  0  0  0  0  0  0  0
    2.0930   -0.8250    0.0000 O   0  0  0  0  0  0  0  0  0  0  0  0
    4.9509   -0.8250    0.0000 O   0  0  0  0  0  0  0  0  0  0  0  0
    3.5220   -1.6500    0.0000 O   0  0  0  0  0  0  0  0  0  0  0  0
    3.5220    0.8250    0.0000 O   0  0  0  0  0  0  0  0  0  0  0  0
    4.9509    0.8250    0.0000 C   0  0  0  0  0  0  0  0  0  0  0  0
    2.8075    0.4125    0.0000 C   0  0  1  0  0  0  0  0  0  0  0  0
    4.2365    0.4125    0.0000 C   0  0  2  0  0  0  0  0  0  0  0  0
    2.8075   -0.4125    0.0000 C   0  0  1  0  0  0  0  0  0  0  0  0
    4.2365   -0.4125    0.0000 C   0  0  2  0  0  0  0  0  0  0  0  0
    3.5220   -0.8250    0.0000 C   0  0  2  0  0  0  0  0  0  0  0  0
  1  7  1  0  0  0  0
  8  2  1  1  0  0  0
 10  3  1  1  0  0  0
 11  4  1  1  0  0  0
 12  5  1  6  0  0  0
  6  8  1  0  0  0  0
  6  9  1  0  0  0  0
  9  7  1  6  0  0  0
  8 10  1  0  0  0  0
  9 11  1  0  0  0  0
 10 12  1  0  0  0  0
 11 12  1  0  0  0  0
M  END
$$$$
D-Glucose-36P
 14 13  0  0  0  0            999 V2000
    2.6346   -0.2836    0.0000 C   0  0  0  0  0  0  0  0  0  0  0  0
    3.3491    0.1289    0.0000 O   0  0  0  0  0  0  0  0  0  0  0  0
    1.9201    0.1289    0.0000 C   0  0  1  0  0  0  0  0  0  0  0  0
    1.9201    0.9539    0.0000 O   0  0  0  0  0  0  0  0  0  0  0  0
    1.2057   -0.2836    0.0000 C   0  0  2  0  0  0  0  0  0  0  0  0
    1.2057   -1.1086    0.0000 O   0  0  0  0  0  0  0  0  0  0  0  0
    0.4912    0.1289    0.0000 C   0  0  2  0  0  0  0  0  0  0  0  0
    0.4912    0.9539    0.0000 O   0  0  0  0  0  0  0  0  0  0  0  0
   -0.2233   -0.2836    0.0000 C   0  0  2  0  0  0  0  0  0  0  0  0
   -0.2233   -1.1086    0.0000 O   0  0  0  0  0  0  0  0  0  0  0  0
   -0.9377    0.1289    0.0000 C   0  0  0  0  0  0  0  0  0  0  0  0
   -1.6522   -0.2836    0.0000 O   0  0  0  0  0  0  0  0  0  0  0  0
   -2.3667    0.1289    0.0000 PO3 0  0  0  0  0  0  0  0  0  0  0  0
    1.2057   -2.0000    0.0000 PO3 0  0  0  0  0  0  0  0  0  0  0  0
  1  2  2  0  0  0  0
  1  3  1  0  0  0  0
  3  4  1  0  0  0  0
  3  5  1  0  0  0  0
  5  6  1  0  0  0  0
  6 14  1  0  0  0  0
  5  7  1  0  0  0  0
  7  8  1  0  0  0  0
  7  9  1  0  0  0  0
  9 10  1  0  0  0  0
  9 11  1  0  0  0  0
 11 12  1  0  0  0  0
 12 13  1  0  0  0  0
M  CHG  2   13  -2  14  -2
M  END
$$$$
D-Glucose
 12 11  0  0  0  0            999 V2000
    1.7862   -0.2062    0.0000 C   0  0  0  0  0  0  0  0  0  0  0  0
    1.0717    0.2063    0.0000 C   0  0  1  0  0  0  0  0  0  0  0  0
    0.3572   -0.2063    0.0000 C   0  0  2  0  0  0  0  0  0  0  0  0
   -0.3572    0.2062    0.0000 C   0  0  2  0  0  0  0  0  0  0  0  0
   -1.0717   -0.2063    0.0000 C   0  0  2  0  0  0  0  0  0  0  0  0
   -1.7862    0.2062    0.0000 C   0  0  0  0  0  0  0  0  0  0  0  0
   -1.0717   -1.0313    0.0000 O   0  0  0  0  0  0  0  0  0  0  0  0
    2.5006    0.2063    0.0000 O   0  0  0  0  0  0  0  0  0  0  0  0
    1.0717    1.0312    0.0000 O   0  0  0  0  0  0  0  0  0  0  0  0
    0.3572   -1.0313    0.0000 O   0  0  0  0  0  0  0  0  0  0  0  0
   -0.3572    1.0313    0.0000 O   0  0  0  0  0  0  0  0  0  0  0  0
   -2.5006   -0.2063    0.0000 O   0  0  0  0  0  0  0  0  0  0  0  0
  1  8  2  0  0  0  0
  1  2  1  0  0  0  0
  2  9  1  0  0  0  0
  2  3  1  0  0  0  0
  3 10  1  0  0  0  0
  3  4  1  0  0  0  0
  4 11  1  0  0  0  0
  4  5  1  0  0  0  0
  5  7  1  0  0  0  0
  5  6  1  0  0  0  0
  6 12  1  0  0  0  0
M  END
$$$$
D-Glucose-6P
 13 12  0  0  0  0            999 V2000
    2.6346   -0.2836    0.0000 C   0  0  0  0  0  0  0  0  0  0  0  0
    3.3491    0.1289    0.0000 O   0  0  0  0  0  0  0  0  0  0  0  0
    1.9201    0.1289    0.0000 C   0  0  1  0  0  0  0  0  0  0  0  0
    1.9201    0.9539    0.0000 O   0  0  0  0  0  0  0  0  0  0  0  0
    1.2057   -0.2836    0.0000 C   0  0  2  0  0  0  0  0  0  0  0  0
    1.2057   -1.1086    0.0000 O   0  0  0  0  0  0  0  0  0  0  0  0
    0.4912    0.1289    0.0000 C   0  0  2  0  0  0  0  0  0  0  0  0
    0.4912    0.9539    0.0000 O   0  0  0  0  0  0  0  0  0  0  0  0
   -0.2233   -0.2836    0.0000 C   0  0  2  0  0  0  0  0  0  0  0  0
   -0.2233   -1.1086    0.0000 O   0  0  0  0  0  0  0  0  0  0  0  0
   -0.9377    0.1289    0.0000 C   0  0  0  0  0  0  0  0  0  0  0  0
   -1.6522   -0.2836    0.0000 O   0  0  0  0  0  0  0  0  0  0  0  0
   -2.3667    0.1289    0.0000 PO3 0  0  0  0  0  0  0  0  0  0  0  0
  1  2  2  0  0  0  0
  1  3  1  0  0  0  0
  3  4  1  0  0  0  0
  3  5  1  0  0  0  0
  5  6  1  0  0  0  0
  5  7  1  0  0  0  0
  7  8  1  0  0  0  0
  7  9  1  0  0  0  0
  9 10  1  0  0  0  0
  9 11  1  0  0  0  0
 11 12  1  0  0  0  0
 12 13  1  0  0  0  0
M  CHG  1   13  -2
M  END
$$$$
D-Glucose-6P_ring
 13 13  0  0  1  0            999 V2000
    4.9509    1.6500    0.0000 O   0  0  0  0  0  0  0  0  0  0  0  0
    2.0930    0.8250    0.0000 O   0  0  0  0  0  0  0  0  0  0  0  0
    2.0930   -0.8250    0.0000 O   0  0  0  0  0  0  0  0  0  0  0  0
    4.9509   -0.8250    0.0000 O   0  0  0  0  0  0  0  0  0  0  0  0
    3.5220   -1.6500    0.0000 O   0  0  0  0  0  0  0  0  0  0  0  0
    3.5220    0.8250    0.0000 O   0  0  0  0  0  0  0  0  0  0  0  0
    4.9509    0.8250    0.0000 C   0  0  0  0  0  0  0  0  0  0  0  0
    2.8075    0.4125    0.0000 C   0  0  1  0  0  0  0  0  0  0  0  0
    4.2365    0.4125    0.0000 C   0  0  2  0  0  0  0  0  0  0  0  0
    2.8075   -0.4125    0.0000 C   0  0  1  0  0  0  0  0  0  0  0  0
    4.2365   -0.4125    0.0000 C   0  0  2  0  0  0  0  0  0  0  0  0
    3.5220   -0.8250    0.0000 C   0  0  2  0  0  0  0  0  0  0  0  0
    4.9509    2.4750    0.0000 PO3 0  0  0  0  0  0  0  0  0  0  0  0
  1  7  1  0  0  0  0
  8  2  1  1  0  0  0
 10  3  1  1  0  0  0
 11  4  1  1  0  0  0
 12  5  1  6  0  0  0
  6  8  1  0  0  0  0
  6  9  1  0  0  0  0
  9  7  1  6  0  0  0
  8 10  1  0  0  0  0
  9 11  1  0  0  0  0
 10 12  1  0  0  0  0
 11 12  1  0  0  0  0
  1 13  1  0  0  0  0
M  END
$$$$
D-Fructose-16P
 14 13  0  0  0  0            999 V2000
    2.5006    0.2063    0.0000 O   0  0  0  0  0  0  0  0  0  0  0  0
    1.7862   -0.2062    0.0000 C   0  0  0  0  0  0  0  0  0  0  0  0
    1.0717    0.2063    0.0000 C   0  0  0  0  0  0  0  0  0  0  0  0
    1.0717    1.0312    0.0000 O   0  0  0  0  0  0  0  0  0  0  0  0
    0.3572   -0.2063    0.0000 C   0  0  2  0  0  0  0  0  0  0  0  0
    0.3572   -1.0313    0.0000 O   0  0  0  0  0  0  0  0  0  0  0  0
   -0.3572    0.2062    0.0000 C   0  0  2  0  0  0  0  0  0  0  0  0
   -0.3572    1.0313    0.0000 O   0  0  0  0  0  0  0  0  0  0  0  0
   -1.0717   -0.2063    0.0000 C   0  0  2  0  0  0  0  0  0  0  0  0
   -1.0717   -1.0313    0.0000 O   0  0  0  0  0  0  0  0  0  0  0  0
   -1.7862    0.2062    0.0000 C   0  0  0  0  0  0  0  0  0  0  0  0
   -2.5006   -0.2062    0.0000 O   0  0  0  0  0  0  0  0  0  0  0  0
   -3.2148    0.2063    0.0000 PO3 0  0  0  0  0  0  0  0  0  0  0  0
    3.2148   -0.2063    0.0000 PO3 0  0  0  0  0  0  0  0  0  0  0  0
  1  2  1  0  0  0  0
  2  3  1  0  0  0  0
  3  4  2  0  0  0  0
  3  5  1  0  0  0  0
  5  6  1  0  0  0  0
  5  7  1  0  0  0  0
  7  8  1  0  0  0  0
  7  9  1  0  0  0  0
  9 10  1  0  0  0  0
  9 11  1  0  0  0  0
 11 12  1  0  0  0  0
 12 13  1  0  0  0  0
  1 14  1  0  0  0  0
M  END
$$$$
Dihydroxyacetone-3P
  7  6  0  0  0  0            999 V2000
    2.3578    0.2063    0.0000 O   0  0  0  0  0  0  0  0  0  0  0  0
    1.6433   -0.2062    0.0000 C   0  0  0  0  0  0  0  0  0  0  0  0
    0.9288    0.2063    0.0000 C   0  0  0  0  0  0  0  0  0  0  0  0
    0.9288    1.0313    0.0000 O   0  0  0  0  0  0  0  0  0  0  0  0
    0.2143   -0.2062    0.0000 C   0  0  0  0  0  0  0  0  0  0  0  0
   -0.5001    0.2063    0.0000 O   0  0  0  0  0  0  0  0  0  0  0  0
   -1.2146   -0.2062    0.0000 PO3 0  0  0  0  0  0  0  0  0  0  0  0
  1  2  1  0  0  0  0
  2  3  1  0  0  0  0
  3  4  2  0  0  0  0
  3  5  1  0  0  0  0
  5  6  1  0  0  0  0
  6  7  1  0  0  0  0
M  END
$$$$
D-Glyceraldehyde-3P
  7  6  0  0  0  0            999 V2000
   -1.2302    0.0656    0.0000 PO3 0  0  0  0  0  0  0  0  0  0  0  0
   -0.4732   -0.2623    0.0000 O   0  0  0  0  0  0  0  0  0  0  0  0
    0.1893    0.2295    0.0000 C   0  0  0  0  0  0  0  0  0  0  0  0
    0.9463   -0.0983    0.0000 C   0  0  2  0  0  0  0  0  0  0  0  0
    1.6088    0.3934    0.0000 C   0  0  0  0  0  0  0  0  0  0  0  0
    1.0410   -0.9179    0.0000 O   0  0  0  0  0  0  0  0  0  0  0  0
    2.3658    0.0656    0.0000 O   0  0  0  0  0  0  0  0  0  0  0  0
  1  2  1  0  0  0  0
  2  3  1  0  0  0  0
  3  4  1  0  0  0  0
  4  5  1  0  0  0  0
  4  6  1  0  0  0  0
  5  7  2  0  0  0  0
M  END
$$$$
Bisphosphoglycerate
  9  8  0  0  1  0            999 V2000
    5.6655   -0.3341    0.0000 C   0  0  0  0  0  0  0  0  0  0  0  0
    4.9509    0.0784    0.0000 C   0  0  2  0  0  0  0  0  0  0  0  0
    4.2365   -0.3341    0.0000 C   0  0  0  0  0  0  0  0  0  0  0  0
    4.2365   -1.1592    0.0000 O   0  0  0  0  0  0  0  0  0  0  0  0
    3.5220    0.0784    0.0000 O   0  0  0  0  0  0  0  0  0  0  0  0
    2.8075   -0.3341    0.0000 PO3 0  0  0  0  0  0  0  0  0  0  0  0
    4.9509    0.9034    0.0000 O   0  0  0  0  0  0  0  0  0  0  0  0
    6.3799    0.0784    0.0000 O   0  0  0  0  0  0  0  0  0  0  0  0
    7.0944   -0.3341    0.0000 PO3 0  0  0  0  0  0  0  0  0  0  0  0
  1  2  1  0  0  0  0
  1  8  1  0  0  0  0
  2  3  1  0  0  0  0
  2  7  1  0  0  0  0
  3  4  2  0  0  0  0
  3  5  1  0  0  0  0
  5  6  1  0  0  0  0
  8  9  1  0  0  0  0
M  CHG  2   6  -2  9  -2
M  END
$$$$
3-Phosphoglycerate
  8  7  0  0  1  0            999 V2000
   -1.3602   -0.4064    0.0000 PO3 0  0  0  0  0  0  0  0  0  0  0  0
   -0.6457   -0.8189    0.0000 O   0  0  0  0  0  0  0  0  0  0  0  0
    0.3707    0.7206    0.0000 O   0  0  0  0  0  0  0  0  0  0  0  0
    2.2122    0.0061    0.0000 O   0  0  0  0  0  0  0  0  0  0  0  0
    1.4977    1.2436    0.0000 O   0  0  0  0  0  0  0  0  0  0  0  0
    0.0687   -0.4064    0.0000 C   0  0  0  0  0  0  0  0  0  0  0  0
    0.7832    0.0061    0.0000 C   0  0  2  0  0  0  0  0  0  0  0  0
    1.4977    0.4186    0.0000 C   0  0  0  0  0  0  0  0  0  0  0  0
  1  2  1  0  0  0  0
  2  6  1  0  0  0  0
  3  7  1  0  0  0  0
  4  8  1  0  0  0  0
  5  8  2  0  0  0  0
  6  7  1  0  0  0  0
  7  8  1  0  0  0  0
M  END
$$$$
2-Phosphoglycerate
  8  7  0  0  1  0            999 V2000
   -1.1698   -0.2089    0.0000 PO3 0  0  0  0  0  0  0  0  0  0  0  0
   -0.4691   -0.6955    0.0000 O   0  0  0  0  0  0  0  0  0  0  0  0
    1.9254   -0.1983    0.0000 O   0  0  0  0  0  0  0  0  0  0  0  0
    0.5177    1.0176    0.0000 O   0  0  0  0  0  0  0  0  0  0  0  0
   -0.5188    0.8350    0.0000 O   0  0  0  0  0  0  0  0  0  0  0  0
    0.3077   -0.5111    0.0000 C   0  0  2  0  0  0  0  0  0  0  0  0
    1.1498   -0.3733    0.0000 C   0  0  0  0  0  0  0  0  0  0  0  0
    0.1287    0.2747    0.0000 C   0  0  0  0  0  0  0  0  0  0  0  0
  1  2  1  0  0  0  0
  2  6  1  0  0  0  0
  3  7  1  0  0  0  0
  4  8  1  0  0  0  0
  5  8  2  0  0  0  0
  6  7  1  0  0  0  0
  6  8  1  0  0  0  0
M  END
$$$$
Phosphoenolpyruvate
  7  6  0  0  0  0            999 V2000
    0.8250    0.5716    0.0000 C   0  0  0  0  0  0  0  0  0  0  0  0
    0.4125   -0.1429    0.0000 C   0  0  0  0  0  0  0  0  0  0  0  0
   -0.4125   -0.1429    0.0000 O   0  0  0  0  0  0  0  0  0  0  0  0
   -0.8250    0.5716    0.0000 PO3 0  0  0  0  0  0  0  0  0  0  0  0
    0.8250   -0.8574    0.0000 C   0  0  0  0  0  0  0  0  0  0  0  0
    0.4125   -1.5718    0.0000 O   0  0  0  0  0  0  0  0  0  0  0  0
    1.6500   -0.8574    0.0000 O   0  0  0  0  0  0  0  0  0  0  0  0
  2  1  2  0  0  0  0
  2  3  1  0  0  0  0
  3  4  1  0  0  0  0
  6  5  2  0  0  0  0
  7  5  1  0  0  0  0
  2  5  1  0  0  0  0
M  END
$$$$
Pyruvate
  6  5  0  0  0  0            999 V2000
    0.3572   -0.2063    0.0000 C   0  0  0  0  0  0  0  0  0  0  0  0
   -0.3572    0.2063    0.0000 C   0  0  0  0  0  0  0  0  0  0  0  0
    1.0717    0.2062    0.0000 C   0  0  0  0  0  0  0  0  0  0  0  0
    0.3572   -1.0313    0.0000 O   0  0  0  0  0  0  0  0  0  0  0  0
   -1.0717   -0.2062    0.0000 O   0  0  0  0  0  0  0  0  0  0  0  0
   -0.3572    1.0313    0.0000 O   0  0  0  0  0  0  0  0  0  0  0  0
  1  2  1  0  0  0  0
  1  3  1  0  0  0  0
  1  4  2  0  0  0  0
  2  5  1  0  0  0  0
  2  6  2  0  0  0  0
M  END
$$$$
L-Arabinose
 10  9  0  0  0  0            999 V2000
    2.2965   -0.2062    0.0000 C   0  0  0  0  0  0  0  0  0  0  0  0
    3.0110    0.2063    0.0000 O   0  0  0  0  0  0  0  0  0  0  0  0
    1.5820    0.2063    0.0000 C   0  0  1  0  0  0  0  0  0  0  0  0
    1.5820    1.0313    0.0000 O   0  0  0  0  0  0  0  0  0  0  0  0
    0.8676   -0.2062    0.0000 C   0  0  2  0  0  0  0  0  0  0  0  0
    0.8676   -1.0312    0.0000 O   0  0  0  0  0  0  0  0  0  0  0  0
    0.1531    0.2063    0.0000 C   0  0  2  0  0  0  0  0  0  0  0  0
    0.1531    1.0313    0.0000 O   0  0  0  0  0  0  0  0  0  0  0  0
   -0.5614   -0.2063    0.0000 C   0  0  0  0  0  0  0  0  0  0  0  0
   -1.2758    0.2062    0.0000 O   0  0  0  0  0  0  0  0  0  0  0  0
  1  2  2  0  0  0  0
  1  3  1  0  0  0  0
  3  4  1  0  0  0  0
  3  5  1  0  0  0  0
  5  6  1  0  0  0  0
  5  7  1  0  0  0  0
  7  8  1  0  0  0  0
  7  9  1  0  0  0  0
  9 10  1  0  0  0  0
M  END
$$$$
D-Xylose
 10  9  0  0  0  0            999 V2000
    2.2965   -0.2062    0.0000 C   0  0  0  0  0  0  0  0  0  0  0  0
    3.0110    0.2063    0.0000 O   0  0  0  0  0  0  0  0  0  0  0  0
    1.5820    0.2063    0.0000 C   0  0  1  0  0  0  0  0  0  0  0  0
    1.5820    1.0313    0.0000 O   0  0  0  0  0  0  0  0  0  0  0  0
    0.8676   -0.2062    0.0000 C   0  0  2  0  0  0  0  0  0  0  0  0
    0.8676   -1.0312    0.0000 O   0  0  0  0  0  0  0  0  0  0  0  0
    0.1531    0.2063    0.0000 C   0  0  1  0  0  0  0  0  0  0  0  0
    0.1531    1.0313    0.0000 O   0  0  0  0  0  0  0  0  0  0  0  0
   -0.5614   -0.2063    0.0000 C   0  0  0  0  0  0  0  0  0  0  0  0
   -1.2758    0.2062    0.0000 O   0  0  0  0  0  0  0  0  0  0  0  0
  1  2  2  0  0  0  0
  1  3  1  0  0  0  0
  3  4  1  0  0  0  0
  3  5  1  0  0  0  0
  5  6  1  0  0  0  0
  5  7  1  0  0  0  0
  7  8  1  0  0  0  0
  7  9  1  0  0  0  0
  9 10  1  0  0  0  0
M  END
$$$$
D-Xylulose-5P
 11 10  0  0  0  0            999 V2000
    2.2965   -0.2062    0.0000 C   0  0  0  0  0  0  0  0  0  0  0  0
    3.0110    0.2063    0.0000 O   0  0  0  0  0  0  0  0  0  0  0  0
    1.5820    0.2063    0.0000 C   0  0  0  0  0  0  0  0  0  0  0  0
    1.5820    1.0313    0.0000 O   0  0  0  0  0  0  0  0  0  0  0  0
    0.8676   -0.2062    0.0000 C   0  0  2  0  0  0  0  0  0  0  0  0
    0.8676   -1.0312    0.0000 O   0  0  0  0  0  0  0  0  0  0  0  0
    0.1531    0.2063    0.0000 C   0  0  1  0  0  0  0  0  0  0  0  0
    0.1531    1.0313    0.0000 O   0  0  0  0  0  0  0  0  0  0  0  0
   -0.5614   -0.2063    0.0000 C   0  0  0  0  0  0  0  0  0  0  0  0
   -1.2758    0.2062    0.0000 O   0  0  0  0  0  0  0  0  0  0  0  0
   -1.7758    0.6062    0.0000 PO3 0  0  0  0  0  0  0  0  0  0  0  0   
  1  2  1  0  0  0  0
  1  3  1  0  0  0  0
  3  4  2  0  0  0  0
  3  5  1  0  0  0  0
  5  6  1  0  0  0  0
  5  7  1  0  0  0  0
  7  8  1  0  0  0  0
  7  9  1  0  0  0  0
  9 10  1  0  0  0  0
 10 11  1  0  0  0  0
M  END
$$$$
D-Erythrose
  8  7  0  0  0  0            999 V2000
   -1.7862   -0.2063    0.0000 O   0  0  0  0  0  0  0  0  0  0  0  0
   -1.0717    0.2062    0.0000 C   0  0  0  0  0  0  0  0  0  0  0  0
   -0.3572   -0.2063    0.0000 C   0  0  1  0  0  0  0  0  0  0  0  0
    0.3572    0.2063    0.0000 C   0  0  1  0  0  0  0  0  0  0  0  0
    1.0717   -0.2062    0.0000 C   0  0  0  0  0  0  0  0  0  0  0  0
    1.7862    0.2063    0.0000 O   0  0  0  0  0  0  0  0  0  0  0  0
   -0.3572   -1.0313    0.0000 O   0  0  0  0  0  0  0  0  0  0  0  0
    0.3572    1.0312    0.0000 O   0  0  0  0  0  0  0  0  0  0  0  0
  2  1  2  0  0  0  0
  3  2  1  0  0  0  0
  4  3  1  0  0  0  0
  5  4  1  0  0  0  0
  6  5  1  0  0  0  0
  3  7  1  1  0  0  0
  4  8  1  6  0  0  0
M  END
$$$$
D-Erythrose-4P
 10  9  0  0  1  0            999 V2000
   -1.8230    0.1246    0.0000 C   0  0  0  0  0  0  0  0  0  0  0  0
   -1.0434    0.3947    0.0000 C   0  0  1  0  0  0  0  0  0  0  0  0
   -0.4198   -0.1454    0.0000 C   0  0  1  0  0  0  0  0  0  0  0  0
    0.3598    0.1246    0.0000 C   0  0  0  0  0  0  0  0  0  0  0  0
    0.9834   -0.4155    0.0000 O   0  0  0  0  0  0  0  0  0  0  0  0
   -0.8875    1.2048    0.0000 O   0  0  0  0  0  0  0  0  0  0  0  0
   -1.9789   -0.6855    0.0000 O   0  0  0  0  0  0  0  0  0  0  0  0
   -2.4466    0.6647    0.0000 H   0  0  0  0  0  0  0  0  0  0  0  0
   -0.5757   -0.9555    0.0000 O   0  0  0  0  0  0  0  0  0  0  0  0
    1.7630   -0.1454    0.0000 PO3 0  0  0  0  0  0  0  0  0  0  0  0
  1  2  1  0  0  0  0
  2  3  1  0  0  0  0
  3  4  1  0  0  0  0
  4  5  1  0  0  0  0
  2  6  1  6  0  0  0
  1  7  2  0  0  0  0
  1  8  1  0  0  0  0
  3  9  1  1  0  0  0
  5 10  1  0  0  0  0
M  END
$$$$
D-Fructose
 12 11  0  0  0  0            999 V2000
    2.5006    0.2063    0.0000 O   0  0  0  0  0  0  0  0  0  0  0  0
    1.7862   -0.2062    0.0000 C   0  0  0  0  0  0  0  0  0  0  0  0
    1.0717    0.2063    0.0000 C   0  0  0  0  0  0  0  0  0  0  0  0
    1.0717    1.0312    0.0000 O   0  0  0  0  0  0  0  0  0  0  0  0
    0.3572   -0.2063    0.0000 C   0  0  2  0  0  0  0  0  0  0  0  0
    0.3572   -1.0313    0.0000 O   0  0  0  0  0  0  0  0  0  0  0  0
   -0.3572    0.2062    0.0000 C   0  0  2  0  0  0  0  0  0  0  0  0
   -0.3572    1.0313    0.0000 O   0  0  0  0  0  0  0  0  0  0  0  0
   -1.0717   -0.2063    0.0000 C   0  0  2  0  0  0  0  0  0  0  0  0
   -1.0717   -1.0313    0.0000 O   0  0  0  0  0  0  0  0  0  0  0  0
   -1.7862    0.2062    0.0000 C   0  0  0  0  0  0  0  0  0  0  0  0
   -2.5006   -0.2062    0.0000 O   0  0  0  0  0  0  0  0  0  0  0  0
  1  2  1  0  0  0  0
  2  3  1  0  0  0  0
  3  4  2  0  0  0  0
  3  5  1  0  0  0  0
  5  6  1  0  0  0  0
  5  7  1  0  0  0  0
  7  8  1  0  0  0  0
  7  9  1  0  0  0  0
  9 10  1  0  0  0  0
  9 11  1  0  0  0  0
 11 12  1  0  0  0  0
M  END
$$$$
D-Fructose-6P_ring
 13 13  0     1  0            999 V2000
   -0.0103    0.3241    0.0000 C   0  0  1  0  0  0           0  0  0
    0.6552    0.8034    0.0000 O   0  0  0  0  0  0           0  0  0
    0.2552   -0.4586    0.0000 C   0  0  2  0  0  0           0  0  0
   -0.8000    0.5724    0.0000 C   0  0  0  0  0  0           0  0  0
    1.3448    0.3069    0.0000 C   0  0  3  0  0  0           0  0  0
    1.0931   -0.4586    0.0000 C   0  0  1  0  0  0           0  0  0
   -0.2241   -1.1379    0.0000 O   0  0  0  0  0  0           0  0  0
   -1.2966   -0.0931    0.0000 O   0  0  0  0  0  0           0  0  0
    1.9241    0.9000    0.0000 C   0  0  0  0  0  0           0  0  0
    2.1000    0.0310    0.0000 O   0  0  0  0  0  0           0  0  0
    1.5793   -1.1345    0.0000 O   0  0  0  0  0  0           0  0  0
   -2.1276   -0.0897    0.0000 PO3 0  0  3  0  0  0           0  0  0
    2.7207    0.6931    0.0000 O   0  0  0  0  0  0           0  0  0
  1  2  1  0     0  0
  1  3  1  0     0  0
  1  4  1  1     0  0
  2  5  1  0     0  0
  3  6  1  0     0  0
  3  7  1  6     0  0
  4  8  1  0     0  0
  5  9  1  4     0  0
  5 10  1  0     0  0
  6 11  1  1     0  0
  8 12  1  0     0  0
  9 13  1  0     0  0
  5  6  1  0     0  0
M  END
$$$$
D-Fructose-6P
 13 12  0  0  0  0            999 V2000
    2.5006    0.2063    0.0000 O   0  0  0  0  0  0  0  0  0  0  0  0
    1.7862   -0.2062    0.0000 C   0  0  0  0  0  0  0  0  0  0  0  0
    1.0717    0.2063    0.0000 C   0  0  0  0  0  0  0  0  0  0  0  0
    1.0717    1.0312    0.0000 O   0  0  0  0  0  0  0  0  0  0  0  0
    0.3572   -0.2063    0.0000 C   0  0  2  0  0  0  0  0  0  0  0  0
    0.3572   -1.0313    0.0000 O   0  0  0  0  0  0  0  0  0  0  0  0
   -0.3572    0.2062    0.0000 C   0  0  2  0  0  0  0  0  0  0  0  0
   -0.3572    1.0313    0.0000 O   0  0  0  0  0  0  0  0  0  0  0  0
   -1.0717   -0.2063    0.0000 C   0  0  2  0  0  0  0  0  0  0  0  0
   -1.0717   -1.0313    0.0000 O   0  0  0  0  0  0  0  0  0  0  0  0
   -1.7862    0.2062    0.0000 C   0  0  0  0  0  0  0  0  0  0  0  0
   -2.5006   -0.2062    0.0000 O   0  0  0  0  0  0  0  0  0  0  0  0
   -3.2148    0.2063    0.0000 PO3 0  0  0  0  0  0  0  0  0  0  0  0
  1  2  1  0  0  0  0
  2  3  1  0  0  0  0
  3  4  2  0  0  0  0
  3  5  1  0  0  0  0
  5  6  1  0  0  0  0
  5  7  1  0  0  0  0
  7  8  1  0  0  0  0
  7  9  1  0  0  0  0
  9 10  1  0  0  0  0
  9 11  1  0  0  0  0
 11 12  1  0  0  0  0
 12 13  1  0  0  0  0
M  END
$$$$
D-Sedoheptulose
 14 13  0  0  0  0            999 V2000
    2.5006    0.2063    0.0000 O   0  0  0  0  0  0  0  0  0  0  0  0
    1.7862   -0.2062    0.0000 C   0  0  0  0  0  0  0  0  0  0  0  0
    1.0717    0.2063    0.0000 C   0  0  0  0  0  0  0  0  0  0  0  0
    1.0717    1.0312    0.0000 O   0  0  0  0  0  0  0  0  0  0  0  0
    0.3572   -0.2063    0.0000 C   0  0  2  0  0  0  0  0  0  0  0  0
    0.3572   -1.0313    0.0000 O   0  0  0  0  0  0  0  0  0  0  0  0
   -0.3572    0.2062    0.0000 C   0  0  2  0  0  0  0  0  0  0  0  0
   -0.3572    1.0313    0.0000 O   0  0  0  0  0  0  0  0  0  0  0  0
   -1.0717   -0.2063    0.0000 C   0  0  2  0  0  0  0  0  0  0  0  0
   -1.0717   -1.0313    0.0000 O   0  0  0  0  0  0  0  0  0  0  0  0
   -1.7862    0.2062    0.0000 C   0  0  1  0  0  0  0  0  0  0  0  0
   -1.7862    1.0313    0.0000 O   0  0  0  0  0  0  0  0  0  0  0  0
   -2.5006   -0.2062    0.0000 C   0  0  0  0  0  0  0  0  0  0  0  0
   -3.2148    0.2063    0.0000 O   0  0  0  0  0  0  0  0  0  0  0  0
  1  2  1  0  0  0  0
  2  3  1  0  0  0  0
  3  4  2  0  0  0  0
  3  5  1  0  0  0  0
  5  6  1  0  0  0  0
  5  7  1  0  0  0  0
  7  8  1  0  0  0  0
  7  9  1  0  0  0  0
  9 10  1  0  0  0  0
  9 11  1  0  0  0  0
 11 12  1  0  0  0  0
 11 13  1  0  0  0  0
 13 14  1  0  0  0  0
M  END
$$$$
D-Sedoheptulose-7P
 15 14  0  0  0  0            999 V2000
    2.5006    0.2063    0.0000 O   0  0  0  0  0  0  0  0  0  0  0  0
    1.7862   -0.2062    0.0000 C   0  0  0  0  0  0  0  0  0  0  0  0
    1.0717    0.2063    0.0000 C   0  0  0  0  0  0  0  0  0  0  0  0
    1.0717    1.0312    0.0000 O   0  0  0  0  0  0  0  0  0  0  0  0
    0.3572   -0.2063    0.0000 C   0  0  2  0  0  0  0  0  0  0  0  0
    0.3572   -1.0313    0.0000 O   0  0  0  0  0  0  0  0  0  0  0  0
   -0.3572    0.2062    0.0000 C   0  0  2  0  0  0  0  0  0  0  0  0
   -0.3572    1.0313    0.0000 O   0  0  0  0  0  0  0  0  0  0  0  0
   -1.0717   -0.2063    0.0000 C   0  0  2  0  0  0  0  0  0  0  0  0
   -1.0717   -1.0313    0.0000 O   0  0  0  0  0  0  0  0  0  0  0  0
   -1.7862    0.2062    0.0000 C   0  0  1  0  0  0  0  0  0  0  0  0
   -1.7862    1.0313    0.0000 O   0  0  0  0  0  0  0  0  0  0  0  0
   -2.5006   -0.2062    0.0000 C   0  0  0  0  0  0  0  0  0  0  0  0
   -3.2148    0.2063    0.0000 O   0  0  0  0  0  0  0  0  0  0  0  0
   -3.9292   -0.2063    0.0000 PO3 0  0  0  0  0  0  0  0  0  0  0  0
  1  2  1  0  0  0  0
  2  3  1  0  0  0  0
  3  4  2  0  0  0  0
  3  5  1  0  0  0  0
  5  6  1  0  0  0  0
  5  7  1  0  0  0  0
  7  8  1  0  0  0  0
  7  9  1  0  0  0  0
  9 10  1  0  0  0  0
  9 11  1  0  0  0  0
 11 12  1  0  0  0  0
 11 13  1  0  0  0  0
 13 14  1  0  0  0  0
 14 15  1  0  0  0  0
M  END
$$$$
D-Ribose
 10  9  0  0  0  0            999 V2000
    2.2965   -0.2062    0.0000 C   0  0  0  0  0  0  0  0  0  0  0  0
    3.0110    0.2063    0.0000 O   0  0  0  0  0  0  0  0  0  0  0  0
    1.5820    0.2063    0.0000 C   0  0  1  0  0  0  0  0  0  0  0  0
    1.5820    1.0313    0.0000 O   0  0  0  0  0  0  0  0  0  0  0  0
    0.8676   -0.2062    0.0000 C   0  0  1  0  0  0  0  0  0  0  0  0
    0.8676   -1.0312    0.0000 O   0  0  0  0  0  0  0  0  0  0  0  0
    0.1531    0.2063    0.0000 C   0  0  1  0  0  0  0  0  0  0  0  0
    0.1531    1.0313    0.0000 O   0  0  0  0  0  0  0  0  0  0  0  0
   -0.5614   -0.2063    0.0000 C   0  0  0  0  0  0  0  0  0  0  0  0
   -1.2758    0.2062    0.0000 O   0  0  0  0  0  0  0  0  0  0  0  0
  1  2  2  0  0  0  0
  1  3  1  0  0  0  0
  3  4  1  0  0  0  0
  3  5  1  0  0  0  0
  5  6  1  0  0  0  0
  5  7  1  0  0  0  0
  7  8  1  0  0  0  0
  7  9  1  0  0  0  0
  9 10  1  0  0  0  0
M  END
$$$$
D-Ribose-5P
 11 10  0  0  0  0            999 V2000
    2.2965   -0.2062    0.0000 C   0  0  0  0  0  0  0  0  0  0  0  0
    3.0110    0.2063    0.0000 O   0  0  0  0  0  0  0  0  0  0  0  0
    1.5820    0.2063    0.0000 C   0  0  1  0  0  0  0  0  0  0  0  0
    1.5820    1.0313    0.0000 O   0  0  0  0  0  0  0  0  0  0  0  0
    0.8676   -0.2062    0.0000 C   0  0  1  0  0  0  0  0  0  0  0  0
    0.8676   -1.0312    0.0000 O   0  0  0  0  0  0  0  0  0  0  0  0
    0.1531    0.2063    0.0000 C   0  0  1  0  0  0  0  0  0  0  0  0
    0.1531    1.0313    0.0000 O   0  0  0  0  0  0  0  0  0  0  0  0
   -0.5614   -0.2063    0.0000 C   0  0  0  0  0  0  0  0  0  0  0  0
   -1.2758    0.2062    0.0000 O   0  0  0  0  0  0  0  0  0  0  0  0
   -1.7758    0.6062    0.0000 PO3 0  0  0  0  0  0  0  0  0  0  0  0   
  1  2  2  0  0  0  0
  1  3  1  0  0  0  0
  3  4  1  0  0  0  0
  3  5  1  0  0  0  0
  5  6  1  0  0  0  0
  5  7  1  0  0  0  0
  7  8  1  0  0  0  0
  7  9  1  0  0  0  0
  9 10  1  0  0  0  0
 10 11  1  0  0  0  0
M  END
$$$$
D-Ribulose
 10  9  0  0  0  0            999 V2000
    2.2965   -0.2062    0.0000 C   0  0  0  0  0  0  0  0  0  0  0  0
    3.0110    0.2063    0.0000 O   0  0  0  0  0  0  0  0  0  0  0  0
    1.5820    0.2063    0.0000 C   0  0  0  0  0  0  0  0  0  0  0  0
    1.5820    1.0313    0.0000 O   0  0  0  0  0  0  0  0  0  0  0  0
    0.8676   -0.2062    0.0000 C   0  0  1  0  0  0  0  0  0  0  0  0
    0.8676   -1.0312    0.0000 O   0  0  0  0  0  0  0  0  0  0  0  0
    0.1531    0.2063    0.0000 C   0  0  1  0  0  0  0  0  0  0  0  0
    0.1531    1.0313    0.0000 O   0  0  0  0  0  0  0  0  0  0  0  0
   -0.5614   -0.2063    0.0000 C   0  0  0  0  0  0  0  0  0  0  0  0
   -1.2758    0.2062    0.0000 O   0  0  0  0  0  0  0  0  0  0  0  0
  1  2  1  0  0  0  0
  1  3  1  0  0  0  0
  3  4  2  0  0  0  0
  3  5  1  0  0  0  0
  5  6  1  0  0  0  0
  5  7  1  0  0  0  0
  7  8  1  0  0  0  0
  7  9  1  0  0  0  0
  9 10  1  0  0  0  0
M  END
$$$$
D-Ribulose-5P
 11 10  0  0  0  0            999 V2000
    2.2965   -0.2062    0.0000 C   0  0  0  0  0  0  0  0  0  0  0  0
    3.0110    0.2063    0.0000 O   0  0  0  0  0  0  0  0  0  0  0  0
    1.5820    0.2063    0.0000 C   0  0  0  0  0  0  0  0  0  0  0  0
    1.5820    1.0313    0.0000 O   0  0  0  0  0  0  0  0  0  0  0  0
    0.8676   -0.2062    0.0000 C   0  0  1  0  0  0  0  0  0  0  0  0
    0.8676   -1.0312    0.0000 O   0  0  0  0  0  0  0  0  0  0  0  0
    0.1531    0.2063    0.0000 C   0  0  1  0  0  0  0  0  0  0  0  0
    0.1531    1.0313    0.0000 O   0  0  0  0  0  0  0  0  0  0  0  0
   -0.5614   -0.2063    0.0000 C   0  0  0  0  0  0  0  0  0  0  0  0
   -1.2758    0.2062    0.0000 O   0  0  0  0  0  0  0  0  0  0  0  0
   -1.7758    0.6062    0.0000 PO3 0  0  0  0  0  0  0  0  0  0  0  0   
  1  2  1  0  0  0  0
  1  3  1  0  0  0  0
  3  4  2  0  0  0  0
  3  5  1  0  0  0  0
  5  6  1  0  0  0  0
  5  7  1  0  0  0  0
  7  8  1  0  0  0  0
  7  9  1  0  0  0  0
  9 10  1  0  0  0  0
 10 11  1  0  0  0  0
M  END
$$$$
D-Xylulose
 10  9  0  0  0  0            999 V2000
    2.2965   -0.2062    0.0000 C   0  0  0  0  0  0  0  0  0  0  0  0
    3.0110    0.2063    0.0000 O   0  0  0  0  0  0  0  0  0  0  0  0
    1.5820    0.2063    0.0000 C   0  0  0  0  0  0  0  0  0  0  0  0
    1.5820    1.0313    0.0000 O   0  0  0  0  0  0  0  0  0  0  0  0
    0.8676   -0.2062    0.0000 C   0  0  2  0  0  0  0  0  0  0  0  0
    0.8676   -1.0312    0.0000 O   0  0  0  0  0  0  0  0  0  0  0  0
    0.1531    0.2063    0.0000 C   0  0  1  0  0  0  0  0  0  0  0  0
    0.1531    1.0313    0.0000 O   0  0  0  0  0  0  0  0  0  0  0  0
   -0.5614   -0.2063    0.0000 C   0  0  0  0  0  0  0  0  0  0  0  0
   -1.2758    0.2062    0.0000 O   0  0  0  0  0  0  0  0  0  0  0  0
  1  2  1  0  0  0  0
  1  3  1  0  0  0  0
  3  4  2  0  0  0  0
  3  5  1  0  0  0  0
  5  6  1  0  0  0  0
  5  7  1  0  0  0  0
  7  8  1  0  0  0  0
  7  9  1  0  0  0  0
  9 10  1  0  0  0  0
M  END
$$$$
Ribitol
 10  9  0  0  0  0            999 V2000
    2.2965   -0.2062    0.0000 C   0  0  0  0  0  0  0  0  0  0  0  0
    3.0110    0.2063    0.0000 O   0  0  0  0  0  0  0  0  0  0  0  0
    1.5820    0.2063    0.0000 C   0  0  1  0  0  0  0  0  0  0  0  0
    1.5820    1.0313    0.0000 O   0  0  0  0  0  0  0  0  0  0  0  0
    0.8676   -0.2062    0.0000 C   0  0  1  0  0  0  0  0  0  0  0  0
    0.8676   -1.0312    0.0000 O   0  0  0  0  0  0  0  0  0  0  0  0
    0.1531    0.2063    0.0000 C   0  0  1  0  0  0  0  0  0  0  0  0
    0.1531    1.0313    0.0000 O   0  0  0  0  0  0  0  0  0  0  0  0
   -0.5614   -0.2063    0.0000 C   0  0  0  0  0  0  0  0  0  0  0  0
   -1.2758    0.2062    0.0000 O   0  0  0  0  0  0  0  0  0  0  0  0
  1  2  1  0  0  0  0
  1  3  1  0  0  0  0
  3  4  1  0  0  0  0
  3  5  1  0  0  0  0
  5  6  1  0  0  0  0
  5  7  1  0  0  0  0
  7  8  1  0  0  0  0
  7  9  1  0  0  0  0
  9 10  1  0  0  0  0
M  END
$$$$
Ribitol-5P
 11 10  0  0  0  0            999 V2000
    2.2965   -0.2062    0.0000 C   0  0  0  0  0  0  0  0  0  0  0  0
    3.0110    0.2063    0.0000 O   0  0  0  0  0  0  0  0  0  0  0  0
    1.5820    0.2063    0.0000 C   0  0  1  0  0  0  0  0  0  0  0  0
    1.5820    1.0313    0.0000 O   0  0  0  0  0  0  0  0  0  0  0  0
    0.8676   -0.2062    0.0000 C   0  0  1  0  0  0  0  0  0  0  0  0
    0.8676   -1.0312    0.0000 O   0  0  0  0  0  0  0  0  0  0  0  0
    0.1531    0.2063    0.0000 C   0  0  1  0  0  0  0  0  0  0  0  0
    0.1531    1.0313    0.0000 O   0  0  0  0  0  0  0  0  0  0  0  0
   -0.5614   -0.2063    0.0000 C   0  0  0  0  0  0  0  0  0  0  0  0
   -1.2758    0.2062    0.0000 O   0  0  0  0  0  0  0  0  0  0  0  0
   -1.7758    0.6062    0.0000 PO3 0  0  0  0  0  0  0  0  0  0  0  0   
  1  2  1  0  0  0  0
  1  3  1  0  0  0  0
  3  4  1  0  0  0  0
  3  5  1  0  0  0  0
  5  6  1  0  0  0  0
  5  7  1  0  0  0  0
  7  8  1  0  0  0  0
  7  9  1  0  0  0  0
  9 10  1  0  0  0  0
 10 11  1  0  0  0  0
M  END
$$$$
D-Arabitol
 10  9  0  0  0  0            999 V2000
    2.2965   -0.2062    0.0000 C   0  0  0  0  0  0  0  0  0  0  0  0
    3.0110    0.2063    0.0000 O   0  0  0  0  0  0  0  0  0  0  0  0
    1.5820    0.2063    0.0000 C   0  0  2  0  0  0  0  0  0  0  0  0
    1.5820    1.0313    0.0000 O   0  0  0  0  0  0  0  0  0  0  0  0
    0.8676   -0.2062    0.0000 C   0  0  2  0  0  0  0  0  0  0  0  0
    0.8676   -1.0312    0.0000 O   0  0  0  0  0  0  0  0  0  0  0  0
    0.1531    0.2063    0.0000 C   0  0  1  0  0  0  0  0  0  0  0  0
    0.1531    1.0313    0.0000 O   0  0  0  0  0  0  0  0  0  0  0  0
   -0.5614   -0.2063    0.0000 C   0  0  0  0  0  0  0  0  0  0  0  0
   -1.2758    0.2062    0.0000 O   0  0  0  0  0  0  0  0  0  0  0  0
  1  2  1  0  0  0  0
  1  3  1  0  0  0  0
  3  4  1  0  0  0  0
  3  5  1  0  0  0  0
  5  6  1  0  0  0  0
  5  7  1  0  0  0  0
  7  8  1  0  0  0  0
  7  9  1  0  0  0  0
  9 10  1  0  0  0  0
M  END
$$$$
L-Xylulose
 10  9  0  0  0  0            999 V2000
    2.2965   -0.2062    0.0000 C   0  0  0  0  0  0  0  0  0  0  0  0
    3.0110    0.2063    0.0000 O   0  0  0  0  0  0  0  0  0  0  0  0
    1.5820    0.2063    0.0000 C   0  0  0  0  0  0  0  0  0  0  0  0
    1.5820    1.0313    0.0000 O   0  0  0  0  0  0  0  0  0  0  0  0
    0.8676   -0.2062    0.0000 C   0  0  1  0  0  0  0  0  0  0  0  0
    0.8676   -1.0312    0.0000 O   0  0  0  0  0  0  0  0  0  0  0  0
    0.1531    0.2063    0.0000 C   0  0  2  0  0  0  0  0  0  0  0  0
    0.1531    1.0313    0.0000 O   0  0  0  0  0  0  0  0  0  0  0  0
   -0.5614   -0.2063    0.0000 C   0  0  0  0  0  0  0  0  0  0  0  0
   -1.2758    0.2062    0.0000 O   0  0  0  0  0  0  0  0  0  0  0  0
  1  2  1  0  0  0  0
  1  3  1  0  0  0  0
  3  4  2  0  0  0  0
  3  5  1  0  0  0  0
  5  6  1  0  0  0  0
  5  7  1  0  0  0  0
  7  8  1  0  0  0  0
  7  9  1  0  0  0  0
  9 10  1  0  0  0  0
M  END
$$$$
L-Xylulose-5P
 11 10  0  0  0  0            999 V2000
    2.2965   -0.2062    0.0000 C   0  0  0  0  0  0  0  0  0  0  0  0
    3.0110    0.2063    0.0000 O   0  0  0  0  0  0  0  0  0  0  0  0
    1.5820    0.2063    0.0000 C   0  0  0  0  0  0  0  0  0  0  0  0
    1.5820    1.0313    0.0000 O   0  0  0  0  0  0  0  0  0  0  0  0
    0.8676   -0.2062    0.0000 C   0  0  1  0  0  0  0  0  0  0  0  0
    0.8676   -1.0312    0.0000 O   0  0  0  0  0  0  0  0  0  0  0  0
    0.1531    0.2063    0.0000 C   0  0  2  0  0  0  0  0  0  0  0  0
    0.1531    1.0313    0.0000 O   0  0  0  0  0  0  0  0  0  0  0  0
   -0.5614   -0.2063    0.0000 C   0  0  0  0  0  0  0  0  0  0  0  0
   -1.2758    0.2062    0.0000 O   0  0  0  0  0  0  0  0  0  0  0  0
   -1.7758    0.6062    0.0000 PO3 0  0  0  0  0  0  0  0  0  0  0  0   
  1  2  1  0  0  0  0
  1  3  1  0  0  0  0
  3  4  2  0  0  0  0
  3  5  1  0  0  0  0
  5  6  1  0  0  0  0
  5  7  1  0  0  0  0
  7  8  1  0  0  0  0
  7  9  1  0  0  0  0
  9 10  1  0  0  0  0
 10 11  1  0  0  0  0
M  END
$$$$
L-Ribulose
 10  9  0  0  0  0            999 V2000
    2.2965   -0.2062    0.0000 C   0  0  0  0  0  0  0  0  0  0  0  0
    3.0110    0.2063    0.0000 O   0  0  0  0  0  0  0  0  0  0  0  0
    1.5820    0.2063    0.0000 C   0  0  0  0  0  0  0  0  0  0  0  0
    1.5820    1.0313    0.0000 O   0  0  0  0  0  0  0  0  0  0  0  0
    0.8676   -0.2062    0.0000 C   0  0  2  0  0  0  0  0  0  0  0  0
    0.8676   -1.0312    0.0000 O   0  0  0  0  0  0  0  0  0  0  0  0
    0.1531    0.2063    0.0000 C   0  0  2  0  0  0  0  0  0  0  0  0
    0.1531    1.0313    0.0000 O   0  0  0  0  0  0  0  0  0  0  0  0
   -0.5614   -0.2063    0.0000 C   0  0  0  0  0  0  0  0  0  0  0  0
   -1.2758    0.2062    0.0000 O   0  0  0  0  0  0  0  0  0  0  0  0
  1  2  1  0  0  0  0
  1  3  1  0  0  0  0
  3  4  2  0  0  0  0
  3  5  1  0  0  0  0
  5  6  1  0  0  0  0
  5  7  1  0  0  0  0
  7  8  1  0  0  0  0
  7  9  1  0  0  0  0
  9 10  1  0  0  0  0
M  END
$$$$
L-Ribulose-5P
 11 10  0  0  0  0            999 V2000
    2.2965   -0.2062    0.0000 C   0  0  0  0  0  0  0  0  0  0  0  0
    3.0110    0.2063    0.0000 O   0  0  0  0  0  0  0  0  0  0  0  0
    1.5820    0.2063    0.0000 C   0  0  0  0  0  0  0  0  0  0  0  0
    1.5820    1.0313    0.0000 O   0  0  0  0  0  0  0  0  0  0  0  0
    0.8676   -0.2062    0.0000 C   0  0  2  0  0  0  0  0  0  0  0  0
    0.8676   -1.0312    0.0000 O   0  0  0  0  0  0  0  0  0  0  0  0
    0.1531    0.2063    0.0000 C   0  0  2  0  0  0  0  0  0  0  0  0
    0.1531    1.0313    0.0000 O   0  0  0  0  0  0  0  0  0  0  0  0
   -0.5614   -0.2063    0.0000 C   0  0  0  0  0  0  0  0  0  0  0  0
   -1.2758    0.2062    0.0000 O   0  0  0  0  0  0  0  0  0  0  0  0
   -1.7758    0.6062    0.0000 PO3 0  0  0  0  0  0  0  0  0  0  0  0   
  1  2  1  0  0  0  0
  1  3  1  0  0  0  0
  3  4  2  0  0  0  0
  3  5  1  0  0  0  0
  5  6  1  0  0  0  0
  5  7  1  0  0  0  0
  7  8  1  0  0  0  0
  7  9  1  0  0  0  0
  9 10  1  0  0  0  0
 10 11  1  0  0  0  0
M  END
$$$$
L-Serine
  7  6  0  0  0  0            999 V2000
   -0.6124   -0.2357    0.0000 C   0  0  0  0  0  0  0  0  0  0  0  0
    0.1021    1.0018    0.0000 N   0  0  0  0  0  0  0  0  0  0  0  0
    0.1021    0.1768    0.0000 C   0  0  1  0  0  0  0  0  0  0  0  0
    0.8165   -0.2357    0.0000 C   0  0  0  0  0  0  0  0  0  0  0  0
    1.5310    0.1768    0.0000 O   0  0  0  0  0  0  0  0  0  0  0  0
   -0.6124   -1.0607    0.0000 O   0  0  0  0  0  0  0  0  0  0  0  0
   -1.3269    0.1768    0.0000 O   0  0  0  0  0  0  0  0  0  0  0  0
  3  2  1  1  0  0  0
  1  3  1  0  0  0  0
  3  4  1  0  0  0  0
  4  5  1  0  0  0  0
  1  6  2  0  0  0  0
  1  7  1  0  0  0  0
M  END
$$$$
3-Phospho-Hydroxypyruvate
  8  7  0  0  1  0            999 V2000
   -1.3602   -0.4064    0.0000 PO3 0  0  0  0  0  0  0  0  0  0  0  0
   -0.6457   -0.8189    0.0000 O   0  0  0  0  0  0  0  0  0  0  0  0
    0.3707    0.7206    0.0000 O   0  0  0  0  0  0  0  0  0  0  0  0
    2.2122    0.0061    0.0000 O   0  0  0  0  0  0  0  0  0  0  0  0
    1.4977    1.2436    0.0000 O   0  0  0  0  0  0  0  0  0  0  0  0
    0.0687   -0.4064    0.0000 C   0  0  0  0  0  0  0  0  0  0  0  0
    0.7832    0.0061    0.0000 C   0  0  0  0  0  0  0  0  0  0  0  0
    1.4977    0.4186    0.0000 C   0  0  0  0  0  0  0  0  0  0  0  0
  1  2  1  0  0  0  0
  2  6  1  0  0  0  0
  3  7  2  0  0  0  0
  4  8  1  0  0  0  0
  5  8  2  0  0  0  0
  6  7  1  0  0  0  0
  7  8  1  0  0  0  0
M  END
$$$$
Hydroxypyruvate
  7  6  0  0  1  0            999 V2000
   -0.6457   -0.8189    0.0000 O   0  0  0  0  0  0  0  0  0  0  0  0
    0.3707    0.7206    0.0000 O   0  0  0  0  0  0  0  0  0  0  0  0
    2.2122    0.0061    0.0000 O   0  0  0  0  0  0  0  0  0  0  0  0
    1.4977    1.2436    0.0000 O   0  0  0  0  0  0  0  0  0  0  0  0
    0.0687   -0.4064    0.0000 C   0  0  0  0  0  0  0  0  0  0  0  0
    0.7832    0.0061    0.0000 C   0  0  0  0  0  0  0  0  0  0  0  0
    1.4977    0.4186    0.0000 C   0  0  0  0  0  0  0  0  0  0  0  0
  1  5  1  0  0  0  0
  2  6  2  0  0  0  0
  3  7  1  0  0  0  0
  4  7  2  0  0  0  0
  5  6  1  0  0  0  0
  6  7  1  0  0  0  0
M  END
$$$$
3-Phospho-Serine
  8  7  0  0  1  0            999 V2000
   -1.3602   -0.4064    0.0000 PO3 0  0  0  0  0  0  0  0  0  0  0  0
   -0.6457   -0.8189    0.0000 O   0  0  0  0  0  0  0  0  0  0  0  0
    0.3707    0.7206    0.0000 N   0  0  0  0  0  0  0  0  0  0  0  0
    2.2122    0.0061    0.0000 O   0  0  0  0  0  0  0  0  0  0  0  0
    1.4977    1.2436    0.0000 O   0  0  0  0  0  0  0  0  0  0  0  0
    0.0687   -0.4064    0.0000 C   0  0  0  0  0  0  0  0  0  0  0  0
    0.7832    0.0061    0.0000 C   0  0  1  0  0  0  0  0  0  0  0  0
    1.4977    0.4186    0.0000 C   0  0  0  0  0  0  0  0  0  0  0  0
  1  2  1  0  0  0  0
  2  6  1  0  0  0  0
  3  7  1  0  0  0  0
  4  8  1  0  0  0  0
  5  8  2  0  0  0  0
  6  7  1  0  0  0  0
  7  8  1  0  0  0  0
M  END
$$$$
Glycine
  5  4  0  0  0  0            999 V2000
   -0.2858   -0.0000    0.0000 C   0  0  0  0  0  0  0  0  0  0  0  0
    1.1432    0.0000    0.0000 N   0  0  0  0  0  0  0  0  0  0  0  0
    0.4287    0.4125    0.0000 C   0  0  0  0  0  0  0  0  0  0  0  0
   -0.2858   -0.8250    0.0000 O   0  0  0  0  0  0  0  0  0  0  0  0
   -1.0003    0.4125    0.0000 O   0  0  0  0  0  0  0  0  0  0  0  0
  2  3  1  0  0  0  0
  1  3  1  0  0  0  0
  1  4  2  0  0  0  0
  1  5  1  0  0  0  0
M  END
$$$$
L-Alanine
  6  5  0  0  0  0            999 V2000
   -0.3572    0.2063    0.0000 C   0  0  0  0  0  0  0  0  0  0  0  0
    1.0717    0.2062    0.0000 N   0  0  0  0  0  0  0  0  0  0  0  0
    0.3572   -0.2063    0.0000 C   0  0  1  0  0  0  0  0  0  0  0  0
    0.3572   -1.0313    0.0000 C   0  0  0  0  0  0  0  0  0  0  0  0
   -1.0717   -0.2062    0.0000 O   0  0  0  0  0  0  0  0  0  0  0  0
   -0.3572    1.0313    0.0000 O   0  0  0  0  0  0  0  0  0  0  0  0
  3  2  1  1  0  0  0
  1  3  1  0  0  0  0
  3  4  1  0  0  0  0
  1  5  2  0  0  0  0
  1  6  1  0  0  0  0
M  END
$$$$
Methane
  1  0  0  0  0  0            999 V2000
    0.0000    0.0000    0.0000 C   0  0  0  0  0  0  0  0  0  0  0  0
M  END
$$$$
Oxaloacetate
  9  8  0  0  0  0            999 V2000
    1.0740    0.3000    0.0000 C   0  0  0  0  0  0  0  0  0  0  0  0
    0.4504   -0.2400    0.0000 C   0  0  0  0  0  0  0  0  0  0  0  0
   -0.3291    0.0300    0.0000 C   0  0  0  0  0  0  0  0  0  0  0  0
   -0.4851    0.8401    0.0000 O   0  0  0  0  0  0  0  0  0  0  0  0
   -0.9528   -0.5101    0.0000 C   0  0  0  0  0  0  0  0  0  0  0  0
    0.9181    1.1102    0.0000 O   0  0  0  0  0  0  0  0  0  0  0  0
    1.8536    0.0300    0.0000 O   0  0  0  0  0  0  0  0  0  0  0  0
   -0.7969   -1.3202    0.0000 O   0  0  0  0  0  0  0  0  0  0  0  0
   -1.7323   -0.2400    0.0000 O   0  0  0  0  0  0  0  0  0  0  0  0
  1  2  1  0  0  0  0
  2  3  1  0  0  0  0
  3  4  2  0  0  0  0
  3  5  1  0  0  0  0
  1  6  2  0  0  0  0
  1  7  1  0  0  0  0
  5  8  2  0  0  0  0
  5  9  1  0  0  0  0
M  END
$$$$
Malate
  9  8  0  0  1  0            999 V2000
   -0.4380   -1.2493    0.0000 O   0  0  0  0  0  0  0  0  0  0  0  0
   -1.4544   -0.5349    0.0000 O   0  0  0  0  0  0  0  0  0  0  0  0
   -0.7400    0.7026    0.0000 O   0  0  0  0  0  0  0  0  0  0  0  0
    0.3870    1.6085    0.0000 O   0  0  0  0  0  0  0  0  0  0  0  0
    1.6245    0.8941    0.0000 O   0  0  0  0  0  0  0  0  0  0  0  0
   -0.0255   -0.5349    0.0000 C   0  0  0  0  0  0  0  0  0  0  0  0
    0.3870    0.1796    0.0000 C   0  0  0  0  0  0  0  0  0  0  0  0
   -0.7400   -0.1224    0.0000 C   0  0  0  0  0  0  0  0  0  0  0  0
    0.7995    0.8941    0.0000 C   0  0  0  0  0  0  0  0  0  0  0  0
  1  6  1  0  0  0  0
  2  8  1  0  0  0  0
  3  8  2  0  0  0  0
  4  9  1  0  0  0  0
  5  9  2  0  0  0  0
  6  7  1  0  0  0  0
  6  8  1  0  0  0  0
  7  9  1  0  0  0  0
M  END
$$$$
Fumarate
  8  7  0  0  0  0            999 V2000
    0.4125    1.4289    0.0000 O   0  0  0  0  0  0  0  0  0  0  0  0
    0.8250    0.7145    0.0000 C   0  0  0  0  0  0  0  0  0  0  0  0
    0.4125   -0.0000    0.0000 C   0  0  0  0  0  0  0  0  0  0  0  0
   -0.4125    0.0000    0.0000 C   0  0  0  0  0  0  0  0  0  0  0  0
   -0.8250   -0.7145    0.0000 C   0  0  0  0  0  0  0  0  0  0  0  0
   -0.4125   -1.4289    0.0000 O   0  0  0  0  0  0  0  0  0  0  0  0
   -1.6500   -0.7145    0.0000 O   0  0  0  0  0  0  0  0  0  0  0  0
    1.6500    0.7145    0.0000 O   0  0  0  0  0  0  0  0  0  0  0  0
  1  2  1  0  0  0  0
  2  3  1  0  0  0  0
  3  4  2  0  0  0  0
  4  5  1  0  0  0  0
  5  6  1  0  0  0  0
  5  7  2  0  0  0  0
  2  8  2  0  0  0  0
M  END
$$$$
Succinate
  8  7  0  0  0  0            999 V2000
    1.0717    0.2063    0.0000 C   0  0  0  0  0  0  0  0  0  0  0  0
    0.3572   -0.2063    0.0000 C   0  0  0  0  0  0  0  0  0  0  0  0
   -0.3572    0.2062    0.0000 C   0  0  0  0  0  0  0  0  0  0  0  0
   -1.0717   -0.2063    0.0000 C   0  0  0  0  0  0  0  0  0  0  0  0
    1.0717    1.0313    0.0000 O   0  0  0  0  0  0  0  0  0  0  0  0
    1.7862   -0.2062    0.0000 O   0  0  0  0  0  0  0  0  0  0  0  0
   -1.0717   -1.0313    0.0000 O   0  0  0  0  0  0  0  0  0  0  0  0
   -1.7862    0.2062    0.0000 O   0  0  0  0  0  0  0  0  0  0  0  0
  1  2  1  0  0  0  0
  2  3  1  0  0  0  0
  3  4  1  0  0  0  0
  1  5  2  0  0  0  0
  1  6  1  0  0  0  0
  4  7  2  0  0  0  0
  4  8  1  0  0  0  0
M  END
$$$$
2-Ketoglutarate
 10  9  0  0  0  0            999 V2000
   -1.3627    0.0328    0.0000 C   0  0  0  0  0  0  0  0  0  0  0  0
   -0.6057    0.3606    0.0000 C   0  0  0  0  0  0  0  0  0  0  0  0
    0.0568   -0.1311    0.0000 C   0  0  0  0  0  0  0  0  0  0  0  0
    0.8139    0.1967    0.0000 C   0  0  0  0  0  0  0  0  0  0  0  0
    1.4763   -0.2950    0.0000 C   0  0  0  0  0  0  0  0  0  0  0  0
   -1.4574   -0.7868    0.0000 O   0  0  0  0  0  0  0  0  0  0  0  0
   -2.0252    0.5245    0.0000 O   0  0  0  0  0  0  0  0  0  0  0  0
    1.3817   -1.1146    0.0000 O   0  0  0  0  0  0  0  0  0  0  0  0
    2.2334    0.0328    0.0000 O   0  0  0  0  0  0  0  0  0  0  0  0
   -0.5110    1.1802    0.0000 O   0  0  0  0  0  0  0  0  0  0  0  0
  1  2  1  0  0  0  0
  2  3  1  0  0  0  0
  3  4  1  0  0  0  0
  4  5  1  0  0  0  0
  1  6  2  0  0  0  0
  1  7  1  0  0  0  0
  5  8  2  0  0  0  0
  5  9  1  0  0  0  0
  2 10  2  0  0  0  0
M  END
$$$$
D-Isocitrate
 13 12  0  0  0  0            999 V2000
   -1.3467    0.3152    0.0000 C   0  0  0  0  0  0  0  0  0  0  0  0
   -0.5896    0.6430    0.0000 C   0  0  0  0  0  0  0  0  0  0  0  0
   -0.4950    1.4626    0.0000 O   0  0  0  0  0  0  0  0  0  0  0  0
    0.0728    0.1513    0.0000 C   0  0  0  0  0  0  0  0  0  0  0  0
   -0.0218   -0.6683    0.0000 C   0  0  0  0  0  0  0  0  0  0  0  0
    0.8299    0.4791    0.0000 C   0  0  0  0  0  0  0  0  0  0  0  0
    1.4923   -0.0126    0.0000 C   0  0  0  0  0  0  0  0  0  0  0  0
   -1.4413   -0.5043    0.0000 O   0  0  0  0  0  0  0  0  0  0  0  0
   -2.0092    0.8069    0.0000 O   0  0  0  0  0  0  0  0  0  0  0  0
   -0.7789   -0.9961    0.0000 O   0  0  0  0  0  0  0  0  0  0  0  0
    0.6406   -1.1600    0.0000 O   0  0  0  0  0  0  0  0  0  0  0  0
    1.3977   -0.8322    0.0000 O   0  0  0  0  0  0  0  0  0  0  0  0
    2.2494    0.3152    0.0000 O   0  0  0  0  0  0  0  0  0  0  0  0
  1  2  1  0  0  0  0
  2  3  1  0  0  0  0
  2  4  1  0  0  0  0
  4  5  1  0  0  0  0
  4  6  1  0  0  0  0
  6  7  1  0  0  0  0
  1  8  2  0  0  0  0
  1  9  1  0  0  0  0
  5 10  2  0  0  0  0
  5 11  1  0  0  0  0
  7 12  2  0  0  0  0
  7 13  1  0  0  0  0
M  END
$$$$
cis-Aconitate
 12 11  0  0  0  0            999 V2000
    1.3750    0.4763    0.0000 C   0  0  0  0  0  0  0  0  0  0  0  0
    0.9625   -0.2382    0.0000 C   0  0  0  0  0  0  0  0  0  0  0  0
    0.1375   -0.2382    0.0000 C   0  0  0  0  0  0  0  0  0  0  0  0
   -0.2750    0.4763    0.0000 C   0  0  0  0  0  0  0  0  0  0  0  0
   -0.2750   -0.9526    0.0000 C   0  0  0  0  0  0  0  0  0  0  0  0
   -1.1000   -0.9526    0.0000 C   0  0  0  0  0  0  0  0  0  0  0  0
    0.9625    1.1908    0.0000 O   0  0  0  0  0  0  0  0  0  0  0  0
    2.2000    0.4763    0.0000 O   0  0  0  0  0  0  0  0  0  0  0  0
   -1.1000    0.4763    0.0000 O   0  0  0  0  0  0  0  0  0  0  0  0
    0.1375    1.1908    0.0000 O   0  0  0  0  0  0  0  0  0  0  0  0
   -1.5125   -0.2382    0.0000 O   0  0  0  0  0  0  0  0  0  0  0  0
   -1.5125   -1.6671    0.0000 O   0  0  0  0  0  0  0  0  0  0  0  0
  1  2  1  0  0  0  0
  2  3  2  0  0  0  0
  3  4  1  0  0  0  0
  3  5  1  0  0  0  0
  5  6  1  0  0  0  0
  1  7  2  0  0  0  0
  1  8  1  0  0  0  0
  4  9  2  0  0  0  0
  4 10  1  0  0  0  0
  6 11  2  0  0  0  0
  6 12  1  0  0  0  0
M  END
$$$$
Citrate
 13 12  0  0  0  0            999 V2000
    1.1970   -0.3253    0.0000 C   0  0  0  0  0  0  0  0  0  0  0  0
    0.5733   -0.8654    0.0000 C   0  0  0  0  0  0  0  0  0  0  0  0
   -0.2062   -0.5953    0.0000 C   0  0  0  0  0  0  0  0  0  0  0  0
   -0.4763   -1.3749    0.0000 O   0  0  0  0  0  0  0  0  0  0  0  0
    0.0638    0.1842    0.0000 C   0  0  0  0  0  0  0  0  0  0  0  0
   -0.9858   -0.3253    0.0000 C   0  0  0  0  0  0  0  0  0  0  0  0
   -1.1417    0.4848    0.0000 C   0  0  0  0  0  0  0  0  0  0  0  0
    1.0410    0.4848    0.0000 O   0  0  0  0  0  0  0  0  0  0  0  0
    1.9765   -0.5953    0.0000 O   0  0  0  0  0  0  0  0  0  0  0  0
    0.8739    0.3401    0.0000 O   0  0  0  0  0  0  0  0  0  0  0  0
   -0.4763    0.8078    0.0000 O   0  0  0  0  0  0  0  0  0  0  0  0
   -0.5181    1.0249    0.0000 O   0  0  0  0  0  0  0  0  0  0  0  0
   -1.9212    0.7549    0.0000 O   0  0  0  0  0  0  0  0  0  0  0  0
  1  2  1  0  0  0  0
  2  3  1  0  0  0  0
  3  4  1  0  0  0  0
  3  5  1  0  0  0  0
  3  6  1  0  0  0  0
  6  7  1  0  0  0  0
  1  8  2  0  0  0  0
  1  9  1  0  0  0  0
  5 10  2  0  0  0  0
  5 11  1  0  0  0  0
  7 12  2  0  0  0  0
  7 13  1  0  0  0  0
M  END
$$$$
L-Aspartate
  9  8  0  0  0  0            999 V2000
   -0.9528   -0.5101    0.0000 C   0  0  0  0  0  0  0  0  0  0  0  0
   -0.4851    0.8401    0.0000 N   0  0  0  0  0  0  0  0  0  0  0  0
   -0.3291    0.0300    0.0000 C   0  0  1  0  0  0  0  0  0  0  0  0
    0.4504   -0.2400    0.0000 C   0  0  0  0  0  0  0  0  0  0  0  0
    1.0740    0.3000    0.0000 C   0  0  0  0  0  0  0  0  0  0  0  0
    0.9181    1.1102    0.0000 O   0  0  0  0  0  0  0  0  0  0  0  0
    1.8536    0.0300    0.0000 O   0  0  0  0  0  0  0  0  0  0  0  0
   -0.7969   -1.3202    0.0000 O   0  0  0  0  0  0  0  0  0  0  0  0
   -1.7323   -0.2400    0.0000 O   0  0  0  0  0  0  0  0  0  0  0  0
  3  2  1  1  0  0  0
  1  3  1  0  0  0  0
  3  4  1  0  0  0  0
  4  5  1  0  0  0  0
  5  6  2  0  0  0  0
  5  7  1  0  0  0  0
  1  8  2  0  0  0  0
  1  9  1  0  0  0  0
M  END
$$$$
L-Glutamate
 10  9  0  0  1  0            999 V2000
   -1.3262   -1.6543    0.0000 O   0  0  0  0  0  0  0  0  0  0  0  0
    2.2461    0.4082    0.0000 O   0  0  0  0  0  0  0  0  0  0  0  0
   -2.0407   -0.4168    0.0000 O   0  0  0  0  0  0  0  0  0  0  0  0
    1.5317    1.6457    0.0000 O   0  0  0  0  0  0  0  0  0  0  0  0
   -1.0242    0.2977    0.0000 N   0  0  0  0  0  0  0  0  0  0  0  0
   -0.6117   -0.4168    0.0000 C   0  0  2  0  0  0  0  0  0  0  0  0
    0.1027   -0.0043    0.0000 C   0  0  0  0  0  0  0  0  0  0  0  0
    0.8172    0.4082    0.0000 C   0  0  0  0  0  0  0  0  0  0  0  0
   -1.3262   -0.8293    0.0000 C   0  0  0  0  0  0  0  0  0  0  0  0
    1.5317    0.8207    0.0000 C   0  0  0  0  0  0  0  0  0  0  0  0
  1  9  1  0  0  0  0
  2 10  1  0  0  0  0
  3  9  2  0  0  0  0
  4 10  2  0  0  0  0
  6  5  1  1  0  0  0
  6  7  1  0  0  0  0
  6  9  1  0  0  0  0
  7  8  1  0  0  0  0
  8 10  1  0  0  0  0
M  END
$$$$
Glyoxylate
  5  4  0     0  0            999 V2000
   -0.2241    0.1310    0.0000 C   0  0  0  0  0  0  0  0  0  0  0  0
    0.1483   -0.5207    0.0000 C   0  0  0  0  0  0  0  0  0  0  0  0
    0.1586    0.7793    0.0000 O   0  0  0  0  0  0  0  0  0  0  0  0
   -0.9793    0.1345    0.0000 O   0  0  0  0  0  0  0  0  0  0  0  0
    0.8966   -0.5241    0.0000 O   0  0  0  0  0  0  0  0  0  0  0  0
  1  2  1  0     0  0
  1  3  1  0     0  0
  1  4  2  0     0  0
  2  5  2  0     0  0
M  END
$$$$
Glycolate
  5  4  0     0  0            999 V2000
    0.2862    0.0000    0.0000 C   0  0  0  0  0  0  0  0  0  0  0  0
   -0.4276   -0.4172    0.0000 C   0  0  0  0  0  0  0  0  0  0  0  0
    1.0000   -0.4172    0.0000 O   0  0  0  0  0  0  0  0  0  0  0  0
    0.2862    0.8310    0.0000 O   0  0  0  0  0  0  0  0  0  0  0  0
   -1.1448    0.0000    0.0000 O   0  0  0  0  0  0  0  0  0  0  0  0
  1  2  1  0     0  0
  1  3  1  0     0  0
  1  4  2  0     0  0
  2  5  1  0     0  0
M  END
$$$$
Oxalo-succinate
 19 18  0  0  1  0            999 V2000
    2.0930    0.5404    0.0000 O   0  0  0  0  0  0  0  0  0  0  0  0
    2.8075   -1.5222    0.0000 O   0  0  0  0  0  0  0  0  0  0  0  0
    5.6655    0.9529    0.0000 O   0  0  0  0  0  0  0  0  0  0  0  0
    2.8075    1.7779    0.0000 O   0  0  0  0  0  0  0  0  0  0  0  0
    2.0930   -0.2846    0.0000 O   0  0  0  0  0  0  0  0  0  0  0  0
    4.9509   -0.2846    0.0000 O   0  0  0  0  0  0  0  0  0  0  0  0
    4.2365    1.7779    0.0000 O   0  0  0  0  0  0  0  0  0  0  0  0
    3.5220    0.5404    0.0000 C   0  0  3  0  0  0  0  0  0  0  0  0
    3.5220   -0.2846    0.0000 C   0  0  0  0  0  0  0  0  0  0  0  0
    2.8075    0.9529    0.0000 C   0  0  0  0  0  0  0  0  0  0  0  0
    2.8075   -0.6971    0.0000 C   0  0  0  0  0  0  0  0  0  0  0  0
    4.9509    0.5404    0.0000 C   0  0  0  0  0  0  0  0  0  0  0  0
    4.2365    0.9529    0.0000 C   0  0  0  0  0  0  0  0  0  0  0  0
    1.6500    0.7961    0.0000 H   0  0  0  0  0  0  0  0  0  0  0  0
    2.3645   -1.7779    0.0000 H   0  0  0  0  0  0  0  0  0  0  0  0
    6.1084    0.6971    0.0000 H   0  0  0  0  0  0  0  0  0  0  0  0
    3.5220    1.0519    0.0000 H   0  0  0  0  0  0  0  0  0  0  0  0
    3.6969   -0.7653    0.0000 H   0  0  0  0  0  0  0  0  0  0  0  0
    4.0258   -0.1958    0.0000 H   0  0  0  0  0  0  0  0  0  0  0  0
  1 10  1  0  0  0  0
  1 14  1  0  0  0  0
  2 11  1  0  0  0  0
  2 15  1  0  0  0  0
  3 12  1  0  0  0  0
  3 16  1  0  0  0  0
  4 10  2  0  0  0  0
  5 11  2  0  0  0  0
  6 12  2  0  0  0  0
  7 13  2  0  0  0  0
  8  9  1  0  0  0  0
  8 10  1  0  0  0  0
  8 13  1  0  0  0  0
  8 17  1  0  0  0  0
  9 11  1  0  0  0  0
  9 18  1  0  0  0  0
  9 19  1  0  0  0  0
 12 13  1  0  0  0  0
M  END
$$$$
succinyl-CoA
  8  7  0  0  0  0            999 V2000
    1.0717    0.2063    0.0000 C   0  0  0  0  0  0  0  0  0  0  0  0
    0.3572   -0.2063    0.0000 C   0  0  0  0  0  0  0  0  0  0  0  0
   -0.3572    0.2062    0.0000 C   0  0  0  0  0  0  0  0  0  0  0  0
   -1.0717   -0.2063    0.0000 C   0  0  0  0  0  0  0  0  0  0  0  0
    1.0717    1.0313    0.0000 O   0  0  0  0  0  0  0  0  0  0  0  0
    1.7862   -0.2062    0.0000 O   0  0  0  0  0  0  0  0  0  0  0  0
   -1.0717   -1.0313    0.0000 O   0  0  0  0  0  0  0  0  0  0  0  0
   -1.7862    0.2062    0.0000 CoA 0  0  0  0  0  0  0  0  0  0  0  0
  1  2  1  0  0  0  0
  2  3  1  0  0  0  0
  3  4  1  0  0  0  0
  1  5  2  0  0  0  0
  1  6  1  0  0  0  0
  4  7  2  0  0  0  0
  4  8  1  0  0  0  0
M  END
$$$$
acetyl-CoA
  4  3  0  0  0  0            999 V2000
   -0.3572    0.2062    0.0000 C   0  0  0  0  0  0  0  0  0  0  0  0
   -1.0717   -0.2063    0.0000 C   0  0  0  0  0  0  0  0  0  0  0  0
   -1.0717   -1.0313    0.0000 O   0  0  0  0  0  0  0  0  0  0  0  0
   -1.7862    0.2062    0.0000 CoA 0  0  0  0  0  0  0  0  0  0  0  0
  1  2  1  0  0  0  0
  2  3  2  0  0  0  0
  2  4  1  0  0  0  0
M  END
$$$$
D-glucolactone-6P
 13 13  0     1  0            999 V2000
   -1.8586    0.3552    0.0000 PO3 0  0  0  0  0  0  0  0  0  0  0  0
   -1.1069    0.3552    0.0000 O   0  0  0  0  0  0  0  0  0  0  0  0
   -0.4586    0.7310    0.0000 C   0  0  0  0  0  0  0  0  0  0  0  0
    0.1931    0.3552    0.0000 C   0  0  2  0  0  0  0  0  0  0  0  0
    0.1931   -0.4034    0.0000 C   0  0  2  0  0  0  0  0  0  0  0  0
    0.8414    0.7310    0.0000 O   0  0  0  0  0  0  0  0  0  0  0  0
    0.8414   -0.7862    0.0000 C   0  0  1  0  0  0  0  0  0  0  0  0
   -0.4586   -0.7759    0.0000 O   0  0  0  0  0  0  0  0  0  0  0  0
    1.5000    0.3552    0.0000 C   0  0  0  0  0  0  0  0  0  0  0  0
    1.5000   -0.4034    0.0000 C   0  0  2  0  0  0  0  0  0  0  0  0
    0.8414   -1.5379    0.0000 O   0  0  0  0  0  0  0  0  0  0  0  0
    2.1483    0.7310    0.0000 O   0  0  0  0  0  0  0  0  0  0  0  0
    2.1483   -0.7759    0.0000 O   0  0  0  0  0  0  0  0  0  0  0  0
  1  2  1  0     0  0
  2  3  1  0     0  0
  4  3  1  1     0  0
  4  5  1  0     0  0
  4  6  1  0     0  0
  5  7  1  0     0  0
  5  8  1  6     0  0
  6  9  1  0     0  0
  7 10  1  0     0  0
  7 11  1  1     0  0
  9 12  2  0     0  0
 10 13  1  6     0  0
  9 10  1  0     0  0
M  END
$$$$
D-gluconate-6P
 14 13  0  0  1  0            999 V2000
    7.8089    0.2063    0.0000 PO3 0  0  3  0  0  0  0  0  0  0  0  0
    7.0944   -0.2063    0.0000 O   0  0  0  0  0  0  0  0  0  0  0  0
    4.9509    1.0313    0.0000 O   0  0  0  0  0  0  0  0  0  0  0  0
    4.2365   -1.0313    0.0000 O   0  0  0  0  0  0  0  0  0  0  0  0
    5.6655   -1.0313    0.0000 O   0  0  0  0  0  0  0  0  0  0  0  0
    3.5220    1.0313    0.0000 O   0  0  0  0  0  0  0  0  0  0  0  0
    2.0930    0.2063    0.0000 O   0  0  0  0  0  0  0  0  0  0  0  0
    2.8075   -1.0313    0.0000 O   0  0  0  0  0  0  0  0  0  0  0  0
    4.9509    0.2063    0.0000 C   0  0  1  0  0  0  0  0  0  0  0  0
    4.2365   -0.2063    0.0000 C   0  0  1  0  0  0  0  0  0  0  0  0
    5.6655   -0.2063    0.0000 C   0  0  1  0  0  0  0  0  0  0  0  0
    3.5220    0.2063    0.0000 C   0  0  2  0  0  0  0  0  0  0  0  0
    6.3799    0.2063    0.0000 C   0  0  0  0  0  0  0  0  0  0  0  0
    2.8075   -0.2063    0.0000 C   0  0  0  0  0  0  0  0  0  0  0  0
  1  2  1  0  0  0  0
  2 13  1  0  0  0  0
  9  3  1  6  0  0  0
 10  4  1  6  0  0  0
 11  5  1  1  0  0  0
 12  6  1  6  0  0  0
  7 14  1  0  0  0  0
  8 14  2  0  0  0  0
  9 10  1  0  0  0  0
  9 11  1  0  0  0  0
 10 12  1  0  0  0  0
 11 13  1  0  0  0  0
 12 14  1  0  0  0  0
M  END
$$$$
D-mannose
 12 12  0  0  1  0            999 V2000
    3.5220    0.8250    0.0000 O   0  0  0  0  0  0  0  0  0  0  0  0
    4.9509   -0.8250    0.0000 O   0  0  0  0  0  0  0  0  0  0  0  0
    3.5220   -1.6500    0.0000 O   0  0  0  0  0  0  0  0  0  0  0  0
    2.0930   -0.8250    0.0000 O   0  0  0  0  0  0  0  0  0  0  0  0
    2.0930    0.8250    0.0000 O   0  0  0  0  0  0  0  0  0  0  0  0
    4.9509    1.6500    0.0000 O   0  0  0  0  0  0  0  0  0  0  0  0
    4.2365   -0.4125    0.0000 C   0  0  1  0  0  0  0  0  0  0  0  0
    3.5220   -0.8250    0.0000 C   0  0  1  0  0  0  0  0  0  0  0  0
    4.2365    0.4125    0.0000 C   0  0  1  0  0  0  0  0  0  0  0  0
    2.8075   -0.4125    0.0000 C   0  0  1  0  0  0  0  0  0  0  0  0
    2.8075    0.4125    0.0000 C   0  0  3  0  0  0  0  0  0  0  0  0
    4.9509    0.8250    0.0000 C   0  0  0  0  0  0  0  0  0  0  0  0
  1  9  1  0  0  0  0
  1 11  1  0  0  0  0
  7  2  1  1  0  0  0
  8  3  1  6  0  0  0
 10  4  1  6  0  0  0
  5 11  1  0  0  0  0
  6 12  1  0  0  0  0
  7  8  1  0  0  0  0
  7  9  1  0  0  0  0
  8 10  1  0  0  0  0
  9 12  1  6  0  0  0
 10 11  1  0  0  0  0
M  END
$$$$
D-galactose
 12 12  0  0  1  0            999 V2000
    3.5220    0.8250    0.0000 O   0  0  0  0  0  0  0  0  0  0  0  0
    4.9509   -0.8250    0.0000 O   0  0  0  0  0  0  0  0  0  0  0  0
    3.5220   -1.6500    0.0000 O   0  0  0  0  0  0  0  0  0  0  0  0
    2.0930   -0.8250    0.0000 O   0  0  0  0  0  0  0  0  0  0  0  0
    2.0930    0.8250    0.0000 O   0  0  0  0  0  0  0  0  0  0  0  0
    4.9509    1.6500    0.0000 O   0  0  0  0  0  0  0  0  0  0  0  0
    4.2365   -0.4125    0.0000 C   0  0  2  0  0  0  0  0  0  0  0  0
    3.5220   -0.8250    0.0000 C   0  0  1  0  0  0  0  0  0  0  0  0
    4.2365    0.4125    0.0000 C   0  0  1  0  0  0  0  0  0  0  0  0
    2.8075   -0.4125    0.0000 C   0  0  2  0  0  0  0  0  0  0  0  0
    2.8075    0.4125    0.0000 C   0  0  2  0  0  0  0  0  0  0  0  0
    4.9509    0.8250    0.0000 C   0  0  0  0  0  0  0  0  0  0  0  0
  1  9  1  0  0  0  0
  1 11  1  0  0  0  0
  7  2  1  6  0  0  0
  8  3  1  6  0  0  0
 10  4  1  1  0  0  0
 11  5  1  1  0  0  0
  6 12  1  0  0  0  0
  7  8  1  0  0  0  0
  7  9  1  0  0  0  0
  8 10  1  0  0  0  0
  9 12  1  6  0  0  0
 10 11  1  0  0  0  0
M  END
$$$$
L-fucose
 11 11  0  0  1  0            999 V2000
    3.5220   -1.1096    0.0000 O   0  0  0  0  0  0  0  0  0  0  0  0
    3.5220    1.3654    0.0000 O   0  0  0  0  0  0  0  0  0  0  0  0
    4.9509    0.5404    0.0000 O   0  0  0  0  0  0  0  0  0  0  0  0
    2.0930    0.5404    0.0000 O   0  0  0  0  0  0  0  0  0  0  0  0
    2.0930   -1.1096    0.0000 O   0  0  0  0  0  0  0  0  0  0  0  0
    3.5220    0.5404    0.0000 C   0  0  2  0  0  0  0  0  0  0  0  0
    4.2365    0.1279    0.0000 C   0  0  1  0  0  0  0  0  0  0  0  0
    2.8075    0.1279    0.0000 C   0  0  1  0  0  0  0  0  0  0  0  0
    4.2365   -0.6971    0.0000 C   0  0  2  0  0  0  0  0  0  0  0  0
    2.8075   -0.6971    0.0000 C   0  0  3  0  0  0  0  0  0  0  0  0
    4.9509   -1.1096    0.0000 C   0  0  0  0  0  0  0  0  0  0  0  0
  1  9  1  0  0  0  0
  1 10  1  0  0  0  0
  6  2  1  6  0  0  0
  7  3  1  6  0  0  0
  8  4  1  1  0  0  0
  5 10  1  0  0  0  0
  6  7  1  0  0  0  0
  6  8  1  0  0  0  0
  7  9  1  0  0  0  0
  8 10  1  0  0  0  0
  9 11  1  6  0  0  0
M  END
$$$$
glycerol
  6  5  0  0  0  0  0  0  0  0999 V2000
    1.0312    0.7145    0.0000 O   0  0  0  0  0  0  0  0  0  0  0  0
    0.2062    0.7145    0.0000 C   0  0  0  0  0  0  0  0  0  0  0  0
   -0.2063   -0.0000    0.0000 C   0  0  0  0  0  0  0  0  0  0  0  0
   -1.0313   -0.0000    0.0000 O   0  0  0  0  0  0  0  0  0  0  0  0
    0.2062   -0.7145    0.0000 C   0  0  0  0  0  0  0  0  0  0  0  0
    1.0313   -0.7145    0.0000 O   0  0  0  0  0  0  0  0  0  0  0  0
  1  2  1  0  0  0  0
  2  3  1  0  0  0  0
  3  4  1  0  0  0  0
  3  5  1  0  0  0  0
  5  6  1  0  0  0  0
M  END
$$$$
L-lactate
  6  5  0  0  0  0  0  0  0  0999 V2000
    0.2063    0.3572    0.0000 C   0  0  0  0  0  0  0  0  0  0  0  0
   -0.2063   -0.3572    0.0000 C   0  0  0  0  0  0  0  0  0  0  0  0
    0.2063   -1.0717    0.0000 C   0  0  0  0  0  0  0  0  0  0  0  0
   -0.2063    1.0717    0.0000 O   0  0  0  0  0  0  0  0  0  0  0  0
    1.0312    0.3572    0.0000 O   0  0  0  0  0  0  0  0  0  0  0  0
   -1.0312   -0.3572    0.0000 O   0  0  0  0  0  0  0  0  0  0  0  0
  1  2  1  0  0  0  0
  2  3  1  0  0  0  0
  1  4  2  0  0  0  0
  1  5  1  0  0  0  0
  2  6  1  6  0  0  0
M  END
$$$$
D-lactate
  6  5  0     1  0            999 V2000
    0.3586   -0.2034    0.0000 C   0  0  1  0  0  0           0  0  0
   -0.3586    0.2069    0.0000 C   0  0  0  0  0  0           0  0  0
    0.3586   -1.0345    0.0000 C   0  0  0  0  0  0           0  0  0
    1.0759    0.2069    0.0000 O   0  0  0  0  0  0           0  0  0
   -0.3586    1.0379    0.0000 O   0  0  0  0  0  0           0  0  0
   -1.0759   -0.2069    0.0000 O   0  0  0  0  0  0           0  0  0
  1  2  1  0     0  0
  1  3  1  0     0  0
  1  4  1  6     0  0
  2  5  1  0     0  0
  2  6  2  0     0  0
M  END
$$$$
2-dehydro-3-deoxy-D-gluconate-6P
 13 12  0  0  1  0            999 V2000
    5.6655    1.0313    0.0000 O   0  0  0  0  0  0  0  0  0  0  0  0
    4.9509   -1.0313    0.0000 O   0  0  0  0  0  0  0  0  0  0  0  0
    7.0944    0.2063    0.0000 O   0  0  0  0  0  0  0  0  0  0  0  0
    2.0930   -0.2063    0.0000 O   0  0  0  0  0  0  0  0  0  0  0  0
    2.8075    1.0313    0.0000 O   0  0  0  0  0  0  0  0  0  0  0  0
    3.5220   -1.0313    0.0000 O   0  0  0  0  0  0  0  0  0  0  0  0
    5.6655    0.2063    0.0000 C   0  0  1  0  0  0  0  0  0  0  0  0
    4.9509   -0.2063    0.0000 C   0  0  2  0  0  0  0  0  0  0  0  0
    6.3799   -0.2063    0.0000 C   0  0  0  0  0  0  0  0  0  0  0  0
    4.2365    0.2063    0.0000 C   0  0  0  0  0  0  0  0  0  0  0  0
    2.8075    0.2063    0.0000 C   0  0  0  0  0  0  0  0  0  0  0  0
    3.5220   -0.2063    0.0000 C   0  0  0  0  0  0  0  0  0  0  0  0
    7.8000    0.6000    0.0000 PO3 0  0  0  0  0  0  0  0  0  0  0  0
  7  1  1  6  0  0  0
  8  2  1  1  0  0  0
  3  9  1  0  0  0  0
  4 11  1  0  0  0  0
  5 11  2  0  0  0  0
  6 12  2  0  0  0  0
  7  8  1  0  0  0  0
  7  9  1  0  0  0  0
  8 10  1  0  0  0  0
 10 12  1  0  0  0  0
 11 12  1  0  0  0  0
 13  3  1  0  0  0  0
M  END
$$$$
methylglyoxal
  5  4  0     0  0  0  0  0  0999 V2000
    2.8660   -1.0600    0.0000 O   0  0  0  0  0  0  0  0  0  0  0  0
    4.5981   -0.0600    0.0000 O   0  0  0  0  0  0  0  0  0  0  0  0
    2.0000    0.4400    0.0000 C   0  0  0  0  0  0  0  0  0  0  0  0
    2.8660   -0.0600    0.0000 C   0  0  0  0  0  0  0  0  0  0  0  0
    3.7321    0.4400    0.0000 C   0  0  0  0  0  0  0  0  0  0  0  0
  1  4  2  0  0  0  0
  2  5  2  0  0  0  0
  3  4  1  0  0  0  0
  4  5  1  0  0  0  0
M  END
$$$$
hydroxyacetone
  5  4  0     0  0  0  0  0  0999 V2000
    4.5981    0.2500    0.0000 O   0  0  0  0  0  0  0  0  0  0  0  0
    2.8660   -0.7500    0.0000 O   0  0  0  0  0  0  0  0  0  0  0  0
    3.7321    0.7500    0.0000 C   0  0  0  0  0  0  0  0  0  0  0  0
    2.8660    0.2500    0.0000 C   0  0  0  0  0  0  0  0  0  0  0  0
    2.0000    0.7500    0.0000 C   0  0  0  0  0  0  0  0  0  0  0  0
  1  3  1  0  0  0  0
  2  4  2  0  0  0  0
  3  4  1  0  0  0  0
  4  5  1  0  0  0  0
M  END
$$$$
glyoxylate
  5  4  0     0  0  0  0  0  0999 V2000
   -0.2241    0.1310    0.0000 C   0  0  0  0  0  0  0  0  0  0  0  0
    0.1483   -0.5207    0.0000 C   0  0  0  0  0  0  0  0  0  0  0  0
    0.1586    0.7793    0.0000 O   0  0  0  0  0  0  0  0  0  0  0  0
   -0.9793    0.1345    0.0000 O   0  0  0  0  0  0  0  0  0  0  0  0
    0.8966   -0.5241    0.0000 O   0  0  0  0  0  0  0  0  0  0  0  0
  1  2  1  0  0  0  0
  1  3  1  0  0  0  0
  1  4  2  0  0  0  0
  2  5  2  0  0  0  0
M  END
